curl -m 70 \
-X POST https://us-central1-magnetic-flare-397719.cloudfunctions.net/model-server \
-H "Authorization: bearer $(gcloud auth print-identity-token)" -H "Content-Type: application/json" \
-d '{  
    "instances": [   
        [0.7843474422199925, 2.09483653077064, -1.05957891575152, -0.242262854841912, -0.839253646666963, -1.31358636522309, -0.491878792819458, -1.18894890383209, -0.0069940675232504, -0.0814141163508316, 0.894708605152997, 0.989452322773214, 0.44725260331854, 0.589554710952534, -0.459910794612383, -0.498988451381756, 1.36861791626515, -0.151363940603974, -0.527661438838343, 0.579904510902705, 0.0186610077584409, 0.528220680454007, 1.61420695325491, 0.0564207060453135, 0.148257122826176, -0.123296620754501, 0.0113389468093752, 0.0172074336952848, -0.0542942349242645, -0.2820634587147279],  
        [-0.993888927140454, -0.361574941595273, 1.10919312954313, 1.18796094048751, -0.135402351016932, 0.291302482484397, -0.45764874601498, 0.640617649216144, 0.0644119487458593, -0.712984484597494, -0.358416302369723, 1.28447800810401, 0.783463037173403, 0.621637522710142, -0.357981057881829, 0.15912958400652, 0.649775813560564, -0.391876039925095, 0.398795179940215, 0.318282690907585, 0.170865752474875, -0.227155837222012, -0.593673485800748, -0.0727214574317368, -0.0335782037887448, -0.128726115519753, 0.072962330897177, 0.244651563062497, 0.0859720022875249, -0.3377567993962836],
        [1.5237332602196847, 2.11758184102911, 0.347922916572601, -2.35389066076364, 0.77598269366706, 1.42824624211856, -0.16024993355637, 0.67658418176443, -0.259291868652303, -0.434236388095092, 0.524871155087283, 0.0976515951973631, 0.757386553443219, 0.531847985784335, 0.82446764491413, -0.459913462305975, 0.0839567943585799, -1.11674240798884, 0.37647857719148, 0.301426441163038, -0.184909817948755, 0.103705072649156, 0.380104783668144, -0.120166952310796, -0.284919153001424, 0.618597088946296, -0.475855984729414, -0.0379872304151414, -0.0763725612457098, -0.3492313067728856],
        [-0.3275530465593348, 0.366090406276598, -1.40495386676861, 1.11467222233878, 1.9600545476439, -1.48553707946638, 0.382031475868116, -0.243288034826784, 0.0911270912408239, 1.1958677953413, -0.482724567367349, -1.14325046234912, 0.911664996018243, 0.459838012052972, -0.779363832077743, -0.898669289298323, -0.230570562454406, 0.0496240216380441, -0.163904990328384, -0.0914715289959645, 0.673297447559618, 0.148189177904227, -0.0601174441669537, -0.403955791554646, 0.394952409910472, 0.372175444549109, -0.355227739017762, 0.020256240282515, 0.106767956712797, 1.2460050846083588],
        [-0.34724220524667, 1.22050222391147, 0.438952072632324, 0.549086873231974, 0.808775149873694, -0.545841971075105, -1.35523718121775, 0.161796820026871, -0.291644308103806, -0.147457139047444, -0.311064892875381, 0.57116835410489, 0.914716257848562, 1.08087172883822, -0.444418356926939, 0.950972623196307, 0.27891269512364, 0.133835858053757, -0.589104018998789, -0.405059637027446, -0.0382467910538281, -0.242043545324626, -0.654081422955726, 0.184139432474775, 0.903668891811582, 0.177397157637466, 0.0583159323073983, -0.0160837936577537, 0.0381652862189706, -0.3480718617766435],
        [1.0113308021031857, -3.61385045502803, -0.922135693038651, -4.74988736419275, 3.37300132781874, -0.545207025424103, -1.17130106266974, -4.17231457141019, 1.51701594293521, -1.77583268078792, -3.75405392305562, 2.73157578227581, -3.48937464729063, 1.54738008909916, -4.57126773103714, -0.517958568740869, -4.23908653141223, -9.25063451000699, -2.4348278029986, 1.98738627690236, -0.320540972806239, 0.7867870185412, 0.893064859228385, 1.03490656705841, 0.097671080445461, -1.34555112500186, -0.788328913242689, 1.05544197476733, 0.0999714026087802, 0.2256934879153924],
        [-0.9778006734109096, -2.79077103894771, -1.46426898705405, 1.03116500769674, 1.9213560843992, -0.0900138203463016, -0.483871347899329, 0.780731181206493, -0.348775795673106, 0.609133451935087, 0.225933803313285, -1.06453419450651, -0.787372737955552, -1.57646958451914, -0.126756361711439, 0.367012281940972, -0.635321654596588, 0.327006411459276, 0.0438160872305435, 1.40357376229763, -1.37672077946455, -0.392667221970544, 0.440019838749267, 0.777659196131864, 0.418551935584405, 0.244563185949918, -0.159360689127314, 0.0605395343366452, 0.356958362771354, 0.4806914253647553],
        [-1.0375841188797272, -1.51924353075082, 2.30849245367643, -1.50359931953802, 2.06410058377601, -1.00084505842829, -1.01689703316417, -2.05973051990126, -0.275166374590629, -1.56220609694371, -2.75579692797163, 3.43824825990431, -3.52152936013651, -0.918761288376486, -4.45210024854037, 0.499313753853031, -2.90790343439971, -5.24864639527919, -0.936814652613817, 1.16012029433585, 0.175018552247898, 1.30787143187069, 0.102825644139183, -0.0177462832428156, 0.149695925673219, -0.0966024680642115, -0.369114567720136, -0.0192440931269227, -0.20831909164279, -0.3492313067728856],
        [-0.0225711371810726, -3.29112509261551, 4.4011941515981, -8.39421162258901, 4.45357956949695, -4.79005451824953, -4.24018208232724, -9.21900099642753, 1.97402995723142, -2.91294270907847, -13.540168238225, 9.41303953977606, -18.0475965708216, -0.728186553999085, -15.3930448312636, 0.3494850489774, -13.30388757707, -21.2979057823155, -7.26231079476482, 2.27422550991903, 1.4908691418867, 2.10234346771868, 0.597370314627801, -0.328086184026121, 0.445752402449364, 0.585280580866405, -0.399005421878678, 2.11600444233121, 1.05074380386505, -0.3492313067728856],
        [0.7359773914127103, -2.4340041522657, 3.22594669094366, -6.59628163055385, 3.59316052421617, -1.07945204530157, -1.73974070807667, -0.0474200922292621, 0.301424475889641, -1.77943359731428, -5.83645272742826, 3.24943114650197, -5.96148766039896, -1.15517572861188, -11.0022890615302, 0.588286383997409, -2.36580146413215, -1.3519003888026, 0.189498486847292, 0.524007524087668, -0.280533266400441, -0.0354907261487421, -0.419177640985635, 0.157435951107499, -0.714849374336836, 0.468859337004353, -0.348522318188906, 0.420036479941583, -0.327642696480936, 1.0962767566453824]   
    ] 
}'


curl -m 70 \
-X POST https://us-central1-magnetic-flare-397719.cloudfunctions.net/model-server \
-H "Content-Type: application/json" \
-d '{  
    "instances": [   
        [0.7843474422199925, 2.09483653077064, -1.05957891575152, -0.242262854841912, -0.839253646666963, -1.31358636522309, -0.491878792819458, -1.18894890383209, -0.0069940675232504, -0.0814141163508316, 0.894708605152997, 0.989452322773214, 0.44725260331854, 0.589554710952534, -0.459910794612383, -0.498988451381756, 1.36861791626515, -0.151363940603974, -0.527661438838343, 0.579904510902705, 0.0186610077584409, 0.528220680454007, 1.61420695325491, 0.0564207060453135, 0.148257122826176, -0.123296620754501, 0.0113389468093752, 0.0172074336952848, -0.0542942349242645, -0.2820634587147279],  
        [-0.993888927140454, -0.361574941595273, 1.10919312954313, 1.18796094048751, -0.135402351016932, 0.291302482484397, -0.45764874601498, 0.640617649216144, 0.0644119487458593, -0.712984484597494, -0.358416302369723, 1.28447800810401, 0.783463037173403, 0.621637522710142, -0.357981057881829, 0.15912958400652, 0.649775813560564, -0.391876039925095, 0.398795179940215, 0.318282690907585, 0.170865752474875, -0.227155837222012, -0.593673485800748, -0.0727214574317368, -0.0335782037887448, -0.128726115519753, 0.072962330897177, 0.244651563062497, 0.0859720022875249, -0.3377567993962836],
        [1.5237332602196847, 2.11758184102911, 0.347922916572601, -2.35389066076364, 0.77598269366706, 1.42824624211856, -0.16024993355637, 0.67658418176443, -0.259291868652303, -0.434236388095092, 0.524871155087283, 0.0976515951973631, 0.757386553443219, 0.531847985784335, 0.82446764491413, -0.459913462305975, 0.0839567943585799, -1.11674240798884, 0.37647857719148, 0.301426441163038, -0.184909817948755, 0.103705072649156, 0.380104783668144, -0.120166952310796, -0.284919153001424, 0.618597088946296, -0.475855984729414, -0.0379872304151414, -0.0763725612457098, -0.3492313067728856],
        [-0.3275530465593348, 0.366090406276598, -1.40495386676861, 1.11467222233878, 1.9600545476439, -1.48553707946638, 0.382031475868116, -0.243288034826784, 0.0911270912408239, 1.1958677953413, -0.482724567367349, -1.14325046234912, 0.911664996018243, 0.459838012052972, -0.779363832077743, -0.898669289298323, -0.230570562454406, 0.0496240216380441, -0.163904990328384, -0.0914715289959645, 0.673297447559618, 0.148189177904227, -0.0601174441669537, -0.403955791554646, 0.394952409910472, 0.372175444549109, -0.355227739017762, 0.020256240282515, 0.106767956712797, 1.2460050846083588],
        [-0.34724220524667, 1.22050222391147, 0.438952072632324, 0.549086873231974, 0.808775149873694, -0.545841971075105, -1.35523718121775, 0.161796820026871, -0.291644308103806, -0.147457139047444, -0.311064892875381, 0.57116835410489, 0.914716257848562, 1.08087172883822, -0.444418356926939, 0.950972623196307, 0.27891269512364, 0.133835858053757, -0.589104018998789, -0.405059637027446, -0.0382467910538281, -0.242043545324626, -0.654081422955726, 0.184139432474775, 0.903668891811582, 0.177397157637466, 0.0583159323073983, -0.0160837936577537, 0.0381652862189706, -0.3480718617766435],
        [1.0113308021031857, -3.61385045502803, -0.922135693038651, -4.74988736419275, 3.37300132781874, -0.545207025424103, -1.17130106266974, -4.17231457141019, 1.51701594293521, -1.77583268078792, -3.75405392305562, 2.73157578227581, -3.48937464729063, 1.54738008909916, -4.57126773103714, -0.517958568740869, -4.23908653141223, -9.25063451000699, -2.4348278029986, 1.98738627690236, -0.320540972806239, 0.7867870185412, 0.893064859228385, 1.03490656705841, 0.097671080445461, -1.34555112500186, -0.788328913242689, 1.05544197476733, 0.0999714026087802, 0.2256934879153924],
        [-0.9778006734109096, -2.79077103894771, -1.46426898705405, 1.03116500769674, 1.9213560843992, -0.0900138203463016, -0.483871347899329, 0.780731181206493, -0.348775795673106, 0.609133451935087, 0.225933803313285, -1.06453419450651, -0.787372737955552, -1.57646958451914, -0.126756361711439, 0.367012281940972, -0.635321654596588, 0.327006411459276, 0.0438160872305435, 1.40357376229763, -1.37672077946455, -0.392667221970544, 0.440019838749267, 0.777659196131864, 0.418551935584405, 0.244563185949918, -0.159360689127314, 0.0605395343366452, 0.356958362771354, 0.4806914253647553],
        [-1.0375841188797272, -1.51924353075082, 2.30849245367643, -1.50359931953802, 2.06410058377601, -1.00084505842829, -1.01689703316417, -2.05973051990126, -0.275166374590629, -1.56220609694371, -2.75579692797163, 3.43824825990431, -3.52152936013651, -0.918761288376486, -4.45210024854037, 0.499313753853031, -2.90790343439971, -5.24864639527919, -0.936814652613817, 1.16012029433585, 0.175018552247898, 1.30787143187069, 0.102825644139183, -0.0177462832428156, 0.149695925673219, -0.0966024680642115, -0.369114567720136, -0.0192440931269227, -0.20831909164279, -0.3492313067728856],
        [-0.0225711371810726, -3.29112509261551, 4.4011941515981, -8.39421162258901, 4.45357956949695, -4.79005451824953, -4.24018208232724, -9.21900099642753, 1.97402995723142, -2.91294270907847, -13.540168238225, 9.41303953977606, -18.0475965708216, -0.728186553999085, -15.3930448312636, 0.3494850489774, -13.30388757707, -21.2979057823155, -7.26231079476482, 2.27422550991903, 1.4908691418867, 2.10234346771868, 0.597370314627801, -0.328086184026121, 0.445752402449364, 0.585280580866405, -0.399005421878678, 2.11600444233121, 1.05074380386505, -0.3492313067728856],
        [0.7359773914127103, -2.4340041522657, 3.22594669094366, -6.59628163055385, 3.59316052421617, -1.07945204530157, -1.73974070807667, -0.0474200922292621, 0.301424475889641, -1.77943359731428, -5.83645272742826, 3.24943114650197, -5.96148766039896, -1.15517572861188, -11.0022890615302, 0.588286383997409, -2.36580146413215, -1.3519003888026, 0.189498486847292, 0.524007524087668, -0.280533266400441, -0.0354907261487421, -0.419177640985635, 0.157435951107499, -0.714849374336836, 0.468859337004353, -0.348522318188906, 0.420036479941583, -0.327642696480936, 1.0962767566453824]   
    ] 
}'